34
99
252
255
440
527
651
658
668
673
863
943
1311
1312
1313
1323
1390
1494
1497
1515
1516
1626
1638
1646
1704
1708
1709
1710
1780
1796
1813
1882
2070
2127
2270
2309
2374
2392
2427
2428
2654
2659
2700
2720
2813
2867
2873
2876
2877
2923
2924
2926
2943
2951
2988
3009
3057
3325
3326
3386
3449
3586
3832
3937
3981
4054
4111
4218
4220
4233
4526
4554
4845
4847
4965
5232
5334
5335
5344
5368
5369
5503
5505
5596
5687
5693
5877
5888
6093
6099
6100
6128
6129
6162
6166
6180
6407
6506
6534
6535
6536
6651
6772
7113
7118
7142
7230
7268
7366
7442
7449
7597
7709
7841
8008
8030
8104
8179
8495
8527
8764
8770
8784
8887
8909
8921
9029
9279
9282
9354
9447
9458
9761
9762
9875
9995
10045
10166
10167
10168
10177
10178
10179
10194
10251
10362
10453
10661
10697
10936
10964
11077
11203
11209
11233
11308
11309
11557
11907
12036
12037
12039
12040
12071
12094
12186
12232
12311
12383
12719
12727
12944
13013
13025
13038
13046
13112
13139
13289
13367
13379
13397
13547
13554
13635
13638
13641
13683
13733
13850
14056
14188
14405
14526
14534
14535
14536
14726
15534
15740
15828
15830
15841
15913
16385
16391
16392
16516
16663
16770
16844
16908
16909
16916
16918
16919
17019
17022
17172
17291
17400
17439
17440
17630
17636
17760
17831
17832
17833
17834
17879
17920
18011
18056
18290
18301
18363
18417
18418
18490
18491
18819
18893
18955
19018
19033
19034
19038
19055
19098
19113
19214
19215
19218
19288
19299
19321
19325
19334
19411
19427
19437
19466
19592
19593
19691
19739
19752
19776
19855
20084
20159
20303
20304
20463
20470
20486
20494
20638
20685
20794
20873
20975
21021
21022
21023
21066
21086
21249
21378
21393
21538
21613
21639
21767
21900
21906
21916
21918
21934
21947
21949
22117
22122
22172
22470
22500
22501
22515
22580
22581
22647
22699
22829
22838
22880
22881
22954
23076
23237
23242
23254
23343
23344
23419
23562
23790
23816
24002
24003
24198
24287
24309
24429
24551
24630
24637
24641
24646
24757
24821
24876
24896
24898
24899
24924
25014
25073
25096
25130
25215
25310
25314
25510
25592
25782
25845
25881
25887
25938
26167
26168
26282
26286
26315
26330
26463
26761
26784
26785
26912
26931
26963
26994
27030
27156
27315
27322
27323
27331
27346
27363
27388
27417
27453
27454
27510
27583
27734
27799
27922
27933
27934
28115
28618
28651
28678
28708
28709
29021
29114
29115
29239
29268
29269
29270
29312
29372
29590
29649
29997
30085
30193
30288
30294
30464
30495
30508
30692
30795
30799
31383
31454
31458
31550
31589
31610
31696
31704
31917
31921
31939
31984
32057
32094
32174
32178
32435
32647
32890
32898
32932
32970
32973
33022
33235
33287
33299
33372
33437
33462
33544
33619
33645
33655
33656
33677
33699
33700
33746
33777
33822
33926
34088
34098
34148
34208
34221
34248
34264
34290
34365
34480
34489
34631
34645
34697
34742
34743
34813
34935
34977
35116
35119
35175
35186
35220
35346
35381
35387
35626
35627
35739
35742
35821
35828
35884
35970
35972
36123
36124
36127
36471
36496
36532
37236
37337
37465
37550
37615
37680
37694
37703
37706
37708
37711
37719
37873
37973
38064
38071
38098
38186
38189
38469
38625
38809
38909
39127
39161
39162
39186
39249
39604
39672
39699
39861
40079
40183
40210
40252
40253
40254
40535
40734
40758
40801
40823
41096
41397
41407
41408
41492
41515
41562
41602
41635
41664
41689
41696
41725
41736
41768
41769
41866
41876
41985
41997
42168
42238
42308
42447
42535
42618
42664
42849
43150
43212
43240
43280
43540
43624
43921
44041
44060
44166
44403
44703
44736
44801
44894
44969
44974
44998
45120
45210
45225
45227
45245
45261
45350
45490
45492
45681
45858
45954
46112
46473
46479
46480
46511
46595
46617
46651
46655
46671
46689
46710
46718
46871
47143
47304
47977
48141
48142
48171
48175
48389
48396
48420
48486
48953
49022
49031
49075
49158
49183
49320
49483
49484
49485
49486
49525
49526
49527
49597
49603
49635
49679
49718
49779
50070
50183
50195
50238
50299
50385
50479
50538
50625
50683
50993
51072
51168
51191
51200
51243
51258
51266
51482
51483
51484
51568
51628
51811
51923
51967
52181
52310
52721
52928
53003
53374
53379
53615
53616
53837
53865
53866
53870
53880
54116
54123
54246
54362
54684
54844
54845
54914
55048
55127
55365
55368
55373
55378
55403
55439
55524
55695
56183
56395
56570
56651
56779
56916
56956
56957
56969
57282
57288
57301
57446
57447
57448
57450
57454
57481
57485
57495
57500
57609
57750
57891
57995
58063
58075
58076
58078
58088
58203
58271
58480
58689
58725
58727
58811
58833
58843
58923
58924
59015
59039
59298
59317
59467
59569
59580
59636
59661
60045
60079
60140
60282
60721
60723
60868
60876
60877
60956
60958
61214
61240