6
7
21
28
36
46
52
67
77
88
112
124
126
129
132
134
138
144
146
147
148
149
157
158
159
160
163
179
180
199
212
216
217
219
227
231
305
315
317
324
325
328
336
351
352
362
366
367
371
391
403
484
489
493
495
499
500
503
508
511
530
532
545
549
572
573
578
635
644
657
661
672
678
691
692
733
811
812
814
842
860
862
871
872
876
877
878
947
958
976
994
996
998
999
1000
1001
1002
1014
1046
1114
1116
1117
1166
1172
1193
1203
1205
1209
1212
1247
1286
1302
1304
1305
1320
1405
1466
1475
1488
1490
1492
1502
1523
1532
1538
1548
1632
1633
1634
1640
1650
1811
1817
1843
1846
1852
1853
1858
1920
1939
1975
2006
2021
2067
2097
2114
2115
2120
2200
2204
2213
2274
2284
2337
2369
2378
2386
2389
2405
2409
2410
2460
2476
2479
2488
2532
2537
2538
2550
2563
2580
2581
2677
2686
2690
2704
2710
2734
2739
2744
2757
2767
2768
2793
2802
2811
2815
2831
2853
2880
2901
2961
2999
3006
3031
3047
3053
3062
3063
3097
3098
3100
3102
3104
3105
3111
3112
3113
3123
3131
3146
3161
3176
3184
3185
3195
3208
3209
3210
3211
3212
3213
3214
3215
3216
3217
3218
3219
3220
3221
3222
3223
3224
3225
3226
3227
3228
3229
3230
3231
3232
3233
3234
3235
3236
3237
3238
3239
3240
3241
3242
3243
3244
3245
3246
3247
3248
3249
3250
3267
3319
3343
3376
3390
3391
3404
3469
3483
3487
3500
3510
3511
3552
3555
3556
3563
3601
3602
3616
3620
3627
3633
3636
3646
3665
3666
3667
3669
3671
3678
3690
3692
3697
3703
3704
3705
3706
3707
3708
3709
3710
3711
3712
3713
3714
3715
3716
3717
3718
3720
3721
3722
3723
3724
3725
3726
3727
3728
3729
3730
3731
3732
3733
3734
3735
3736
3737
3738
3739
3740
3741
3742
3743
3744
3745
3754
3775
3803
3809
3834
3841
3869
3878
3879
3885
3901
3960
4001
4010
4012
4016
4024
4058
4064
4074
4075
4076
4077
4078
4081
4085
4087
4088
4114
4122
4128
4129
4137
4157
4162
4164
4165
4175
4176
4217
4237
4245
4258
4261
4290
4336
4338
4340
4341
4342
4343
4363
4386
4401
4416
4417
4418
4465
4466
4484
4498
4503
4527
4538
4541
4568
4573
4577
4585
4603
4622
4624
4654
4664
4699
4700
4705
4713
4719
4721
4737
4743
4763
4779
4780
4806
4810
4833
4851
4862
4865
4876
4907
4943
4950
4951
4959
4984
4992
5015
5016
5070
5073
5090
5104
5123
5142
5143
5144
5147
5164
5173
5184
5196
5197
5198
5199
5202
5225
5229
5242
5247
5264
5265
5285
5295
5311
5330
5341
5349
5350
5360
5361
5384
5392
5393
5427
5435
5436
5455
5456
5463
5464
5467
5471
5472
5473
5474
5475
5481
5482
5485
5487
5494
5497
5498
5499
5502
5514
5544
5550
5556
5562
5587
5588
5612
5678
5684
5692
5700
5704
5705
5710
5711
5712
5719
5739
5759
5764
5767
5773
5774
5785
5788
5795
5796
5842
5848
5850
5865
5873
5889
5913
5915
5955
5994
6005
6019
6067
6077
6078
6079
6084
6085
6089
6096
6103
6105
6163
6201
6221
6222
6225
6246
6255
6260
6271
6285
6309
6315
6352
6382
6383
6385
6386
6399
6411
6412
6413
6420
6426
6427
6434
6436
6438
6439
6440
6450
6462
6463
6465
6469
6511
6521
6562
6564
6569
6580
6581
6597
6600
6610
6612
6634
6638
6639
6646
6647
6648
6650
6653
6656
6661
6674
6693
6697
6737
6745
6790
6807
6899
6900
6901
6902
6968
6987
6992
7006
7008
7012
7023
7028
7042
7054
7073
7090
7122
7124
7147
7155
7156
7166
7167
7168
7180
7183
7184
7185
7205
7217
7218
7225
7245
7246
7252
7261
7267
7269
7272
7277
7278
7280
7284
7287
7302
7331
7337
7352
7379
7394
7431
7436
7443
7447
7458
7460
7472
7513
7524
7530
7567
7569
7575
7576
7580
7585
7589
7604
7608
7611
7612
7616
7621
7643
7672
7680
7696
7699
7723
7755
7775
7800
7801
7804
7809
7818
7842
7862
7941
7942
7949
7956
7958
7959
7964
7968
7969
7973
7975
7989
8001
8009
8035
8059
8068
8070
8078
8115
8120
8122
8141
8152
8172
8173
8184
8204
8218
8225
8257
8266
8270
8302
8304
8306
8320
8360
8370
8381
8389
8393
8394
8400
8402
8411
8456
8457
8466
8469
8470
8473
8476
8488
8490
8493
8505
8523
8532
8538
8562
8587
8593
8610
8625
8630
8640
8648
8651
8654
8656
8667
8677
8678
8688
8700
8745
8796
8811
8825
8829
8830
8832
8877
8884
8917
8953
8969
8971
9003
9053
9083
9084
9085
9103
9127
9135
9141
9142
9143
9147
9164
9200
9202
9213
9215
9222
9225
9231
9236
9238
9247
9266
9270
9283
9370
9377
9404
9408
9415
9432
9438
9446
9449
9456
9482
9507
9508
9561
9590
9591
9594
9597
9604
9618
9627
9630
9634
9663
9693
9701
9705
9707
9709
9710
9711
9712
9716
9718
9719
9720
9721
9727
9729
9730
9731
9733
9743
9759
9782
9830
9876
9901
9921
9937
9963
9970
10002
10005
10006
10013
10014
10018
10021
10023
10024
10047
10068
10069
10096
10114
10146
10197
10209
10240
10262
10315
10346
10354
10363
10380
10391
10396
10423
10438
10439
10443
10444
10445
10446
10456
10459
10461
10486
10501
10502
10503
10511
10517
10520
10521
10522
10526
10534
10543
10546
10559
10566
10597
10598
10606
10623
10624
10626
10627
10628
10643
10647
10650
10659
10663
10664
10665
10668
10673
10674
10751
10759
10786
10790
10798
10799
10809
10811
10813
10816
10828
10840
10845
10852
10857
10858
10859
10862
10883
10888
10903
10909
10938
10966
10967
11012
11020
11022
11023
11024
11027
11032
11035
11040
11054
11075
11080
11082
11091
11108
11150
11151
11154
11155
11156
11157
11163
11166
11167
11169
11174
11175
11181
11182
11190
11194
11199
11200
11210
11219
11227
11229
11236
11240
11250
11260
11284
11299
11319
11360
11365
11368
11393
11405
11406
11414
11422
11434
11451
11464
11471
11489
11494
11498
11522
11531
11533
11543
11545
11575
11576
11578
11584
11590
11596
11600
11601
11602
11603
11609
11665
11684
11691
11694
11744
11745
11764
11765
11766
11767
11791
11804
11847
11864
11872
11874
11880
11890
11892
11895
11898
11899
11904
11914
11918
11927
11939
11942
11954
11965
11973
11999
12014
12020
12027
12034
12044
12061
12064
12078
12124
12139
12207
12209
12210
12215
12216
12229
12234
12237
12275
12276
12285
12289
12304
12305
12317
12328
12329
12361
12362
12363
12367
12370
12374
12377
12378
12392
12395
12396
12402
12409
12410
12412
12415
12422
12423
12425
12426
12427
12431
12437
12447
12457
12482
12502
12564
12565
12576
12577
12582
12656
12657
12676
12689
12690
12758
12762
12778
12784
12807
12808
12812
12816
12832
12852
12857
12859
12883
12887
12888
12889
12894
12899
12900
12901
12903
12907
12909
12921
12922
12923
12924
12925
12927
12932
12933
12936
12940
12942
12948
12965
12967
12985
13022
13023
13026
13055
13056
13060
13080
13081
13087
13110
13119
13132
13148
13151
13152
13154
13156
13159
13160
13163
13169
13174
13175
13176
13183
13184
13185
13186
13188
13189
13194
13265
13266
13268
13271
13272
13276
13284
13308
13309
13315
13317
13326
13328
13329
13330
13337
13347
13350
13355
13364
13365
13370
13421
13439
13454
13459
13480
13515
13523
13528
13544
13625
13632
13637
13658
13659
13660
13709
13772
13828
13839
13859
13886
13962
13997
14001
14005
14006
14012
14016
14018
14029
14062
14075
14091
14122
14171
14177
14183
14207
14276
14299
14305
14317
14387
14400
14491
14551
14552
14553
14554
14555
14556
14557
14558
14593
14637
14642
14652
14676
14687
14688
14692
14700
14744
14746
14750
14791
14850
14851
14896
14897
14901
14920
14921
14924
14942
14944
14954
14955
14956
14959
14960
14962
14975
14983
14989
15027
15047
15053
15056
15078
15085
15091
15107
15113
15122
15123
15128
15147
15167
15171
15172
15255
15282
15291
15361
15362
15367
15380
15384
15393
15394
15407
15410
15411
15415
15417
15422
15425
15429
15439
15450
15454
15472
15479
15502
15517
15523
15531
15554
15556
15571
15584
15600
15608
15629
15630
15654
15655
15657
15660
15661
15662
15677
15678
15680
15685
15688
15704
15708
15721
15725
15735
15743
15746
15763
15776
15806
15811
15817
15882
15893
15916
15926
15930
15990
15996
15999
16002
16011
16013
16016
16075
16082
16097
16105
16117
16118
16130
16143
16170
16172
16207
16216
16219
16237
16240
16246
16259
16260
16263
16266
16269
16280
16282
16300
16304
16306
16313
16323
16387
16388
16398
16402
16408
16411
16414
16415
16419
16420
16426
16447
16454
16460
16462
16464
16471
16483
16484
16504
16509
16512
16527
16537
16538
16548
16565
16568
16570
16572
16574
16575
16579
16580
16581
16593
16617
16631
16635
16645
16652
16655
16656
16668
16717
16734
16759
16768
16771
16778
16782
16783
16784
16797
16800
16804
16805
16807
16812
16819
16866
16875
16881
16926
16939
16953
16958
16959
16979
16989
16990
16993
16994
17001
17025
17044
17047
17056
17066
17069
17072
17074
17075
17078
17079
17083
17084
17090
17092
17097
17098
17105
17110
17122
17123
17160
17161
17162
17188
17221
17225
17239
17255
17257
17265
17279
17287
17300
17415
17418
17481
17488
17489
17490
17499
17500
17501
17503
17508
17524
17525
17541
17544
17547
17554
17555
17559
17564
17567
17572
17575
17576
17584
17586
17593
17597
17599
17602
17603
17604
17605
17606
17617
17625
17631
17632
17643
17656
17662
17664
17676
17681
17684
17686
17689
17691
17694
17699
17700
17703
17704
17706
17709
17711
17712
17713
17714
17717
17718
17725
17737
17761
17788
17802
17812
17858
17865
17866
17870
17887
17910
17940
17950
17967
17999
18009
18029
18040
18066
18099
18106
18108
18126
18132
18149
18153
18155
18156
18157
18160
18161
18162
18163
18170
18171
18172
18177
18178
18179
18182
18186
18189
18192
18220
18275
18280
18333
18338
18362
18390
18415
18430
18431
18443
18467
18478
18498
18593
18611
18621
18673
18684
18703
18782
18783
18787
18814
18817
18841
18842
18843
18844
18845
18846
18847
18848
18849
18870
18873
18889
18899
18913
18915
18919
18922
18927
18928
18929
18930
18931
18932
18933
18934
18935
18936
18937
18938
18939
18940
18941
18942
18947
18948
18953
18970
18971
18972
18973
18975
18976
18977
18978
18979
18980
18981
18982
18983
18984
18985
18986
18987
18988
18989
18990
18991
18992
18993
18994
18995
18996
18997
18999
19000
19001
19002
19003
19004
19005
19006
19007
19010
19011
19012
19013
19014
19015
19016
19024
19029
19041
19060
19063
19089
19099
19101
19138
19151
19154
19162
19177
19181
19213
19221
19287
19305
19328
19329
19357
19362
19368
19371
19424
19440
19452
19456
19460
19524
19530
19555
19589
19602
19603
19660
19661
19667
19678
19681
19694
19695
19708
19709
19748
19763
19767
19795
19799
19802
19805
19807
19814
19878
19906
19915
19922
19932
19948
19971
20013
20072
20089
20091
20107
20110
20119
20124
20137
20148
20152
20154
20163
20168
20180
20184
20186
20187
20188
20189
20190
20191
20192
20193
20194
20195
20270
20314
20320
20321
20333
20350
20378
20385
20411
20436
20437
20438
20444
20467
20493
20495
20496
20510
20520
20533
20535
20538
20541
20549
20552
20577
20582
20620
20637
20738
20741
20760
20777
20797
20861
20890
20905
20906
20915
20979
20983
20985
20987
20999
21006
21007
21010
21011
21013
21019
21020
21024
21027
21028
21057
21068
21097
21170
21202
21203
21204
21216
21223
21273
21301
21302
21313
21317
21321
21340
21343
21377
21404
21406
21407
21408
21459
21460
21480
21486
21494
21522
21524
21527
21562
21581
21586
21619
21623
21626
21634
21638
21652
21654
21655
21656
21671
21672
21698
21699
21711
21730
21759
21761
21762
21776
21783
21788
21791
21792
21797
21821
21822
21823
21838
21870
21880
21905
21908
21914
21921
21923
21927
21929
21930
21935
21936
21938
21950
21969
21970
21971
22011
22012
22013
22018
22040
22049
22050
22051
22062
22088
22090
22114
22124
22132
22145
22157
22158
22159
22160
22183
22190
22202
22204
22206
22208
22211
22219
22225
22226
22231
22234
22253
22263
22273
22275
22281
22285
22287
22303
22304
22309
22318
22326
22350
22351
22354
22424
22426
22434
22444
22445
22451
22454
22457
22461
22463
22464
22473
22474
22539
22540
22551
22558
22559
22560
22569
22572
22589
22642
22664
22688
22693
22700
22701
22705
22713
22717
22729
22731
22740
22741
22742
22743
22746
22773
22800
22804
22805
22806
22815
22817
22818
22824
22827
22828
22830
22831
22832
22872
22935
22957
22975
22977
22980
22982
22992
22994
22995
22996
22999
23013
23022
23033
23077
23089
23097
23110
23148
23158
23194
23199
23202
23211
23214
23216
23220
23248
23257
23259
23272
23275
23283
23320
23324
23325
23330
23334
23339
23346
23348
23354
23361
23362
23365
23366
23372
23382
23392
23408
23415
23427
23433
23466
23494
23547
23582
23586
23587
23588
23589
23590
23596
23601
23608
23624
23640
23650
23694
23703
23705
23706
23731
23739
23753
23754
23759
23763
23766
23769
23773
23776
23807
23829
23832
23891
23908
23910
23917
23935
23943
23948
23986
24022
24026
24027
24036
24037
24039
24040
24066
24068
24099
24102
24111
24112
24142
24146
24181
24217
24228
24231
24232
24241
24256
24278
24285
24301
24303
24317
24327
24328
24336
24356
24357
24362
24366
24369
24396
24415
24416
24417
24418
24420
24423
24435
24436
24437
24438
24442
24455
24458
24463
24469
24471
24472
24473
24480
24500
24530
24531
24532
24533
24534
24546
24552
24558
24617
24655
24659
24666
24669
24687
24689
24735
24737
24739
24740
24741
24742
24759
24772
24780
24782
24808
24826
24834
24861
24872
24885
24974
25013
25017
25018
25026
25038
25039
25041
25075
25077
25086
25093
25102
25103
25109
25124
25127
25139
25140
25151
25162
25163
25170
25175
25203
25205
25214
25216
25221
25224
25257
25273
25279
25291
25309
25346
25348
25359
25360
25361
25362
25363
25364
25365
25371
25380
25382
25384
25386
25387
25389
25390
25396
25413
25418
25432
25437
25445
25454
25455
25469
25472
25474
25476
25481
25486
25500
25504
25513
25516
25519
25521
25526
25531
25550
25561
25562
25573
25640
25660
25693
25696
25698
25721
25753
25755
25773
25775
25778
25789
25790
25794
25805
25814
25837
25847
25882
25905
25953
25957
25987
26026
26040
26042
26047
26048
26070
26132
26142
26144
26148
26152
26155
26161
26182
26252
26255
26270
26292
26325
26327
26346
26354
26355
26371
26372
26373
26378
26446
26457
26477
26494
26520
26525
26527
26531
26534
26535
26536
26539
26545
26546
26547
26569
26572
26577
26612
26654
26673
26694
26704
26747
26751
26756
26763
26765
26791
26805
26815
26823
26831
26854
26855
26908
26940
26970
26990
26991
27017
27052
27065
27068
27090
27101
27102
27105
27106
27111
27112
27115
27118
27120
27123
27124
27125
27127
27128
27130
27190
27202
27229
27254
27290
27318
27319
27320
27353
27376
27387
27401
27431
27478
27501
27502
27520
27521
27585
27587
27596
27625
27646
27697
27744
27750
27751
27752
27758
27790
27828
27868
27869
27870
27871
27872
27873
27874
27875
27876
27877
27914
27915
27930
27931
27959
27960
27961
27963
27972
27989
28003
28011
28018
28019
28041
28047
28074
28076
28083
28099
28125
28143
28188
28189
28190
28191
28193
28195
28223
28224
28227
28230
28231
28232
28234
28244
28245
28262
28263
28269
28301
28330
28365
28393
28394
28395
28396
28432
28459
28469
28470
28471
28486
28496
28497
28500
28501
28502
28503
28504
28505
28506
28507
28508
28509
28510
28511
28512
28513
28514
28515
28516
28517
28518
28519
28520
28521
28522
28523
28524
28525
28526
28527
28528
28529
28530
28531
28532
28533
28534
28535
28536
28537
28538
28539
28540
28541
28542
28543
28544
28545
28546
28547
28551
28576
28578
28584
28586
28593
28599
28604
28611
28613
28614
28619
28620
28621
28628
28641
28687
28688
28689
28690
28691
28692
28693
28694
28695
28696
28697
28698
28699
28700
28701
28820
28928
28942
28954
28979
28980
28981
28982
28983
28984
28985
28986
28987
28988
28989
28990
28991
28992
28993
28994
28998
29007
29015
29036
29044
29046
29050
29111
29120
29121
29122
29123
29124
29125
29126
29127
29128
29129
29130
29131
29132
29133
29134
29135
29136
29137
29138
29139
29140
29141
29142
29143
29144
29145
29146
29147
29149
29150
29151
29152
29153
29154
29155
29156
29157
29158
29159
29160
29161
29162
29163
29164
29165
29166
29167
29191
29192
29207
29214
29283
29335
29337
29346
29349
29354
29360
29362
29411
29448
29451
29466
29518
29528
29529
29532
29556
29558
29560
29561
29596
29607
29610
29633
29653
29664
29671
29687
29710
29724
29725
29738
29768
29773
29806
29818
29848
29874
29891
29930
29942
29950
29955
29959
29983
30011
30031
30032
30060
30061
30067
30074
30103
30104
30105
30106
30107
30121
30149
30162
30164
30172
30173
30174
30175
30180
30181
30184
30185
30197
30207
30216
30222
30224
30228
30229
30243
30249
30256
30274
30289
30299
30305
30306
30327
30342
30415
30425
30429
30435
30474
30478
30485
30492
30502
30504
30505
30513
30516
30525
30555
30604
30607
30609
30643
30645
30654
30665
30670
30681
30688
30723
30728
30758
30768
30794
30800
30813
30817
30830
30831
30836
30858
30862
30887
30898
30912
30916
30918
30921
30923
30926
30944
30959
30996
31019
31048
31050
31060
31069
31071
31080
31081
31082
31085
31118
31137
31159
31162
31167
31174
31175
31182
31183
31194
31214
31302
31322
31337
31339
31341
31348
31359
31362
31367
31374
31376
31399
31400
31420
31432
31484
31497
31499
31521
31584
31608
31618
31634
31639
31642
31644
31648
31660
31672
31674
31675
31720
31725
31746
31810
31825
31827
31829
31849
31851
31879
31882
31896
31906
31918
31925
31944
31948
31990
32055
32072
32081
32082
32093
32113
32117
32140
32162
32170
32171
32191
32200
32207
32275
32284
32320
32338
32339
32346
32352
32354
32361
32366
32379
32430
32433
32436
32439
32457
32458
32468
32474
32475
32478
32492
32522
32535
32561
32570
32590
32596
32615
32625
32632
32635
32640
32656
32663
32681
32682
32686
32698
32704
32709
32748
32752
32755
32756
32759
32763
32764
32766
32769
32815
32826
32828
32873
32884
32885
32886
32922
32938
32944
32977
32988
33009
33021
33026
33055
33098
33119
33120
33124
33127
33133
33136
33138
33139
33144
33145
33150
33151
33169
33213
33236
33243
33286
33288
33300
33304
33335
33353
33361
33363
33373
33395
33397
33407
33414
33429
33430
33438
33446
33458
33460
33465
33480
33494
33542
33552
33553
33560
33561
33570
33578
33598
33601
33603
33608
33612
33633
33690
33691
33696
33706
33712
33717
33723
33724
33736
33740
33816
33843
33847
33853
33864
33891
33894
33899
33902
33906
33909
33916
33917
33923
33928
33929
33936
33937
33940
33943
33953
33954
33983
34029
34056
34057
34058
34071
34079
34094
34099
34115
34123
34153
34154
34157
34158
34166
34185
34190
34197
34198
34214
34219
34233
34237
34239
34294
34295
34306
34312
34316
34318
34327
34330
34333
34379
34385
34410
34429
34577
34617
34633
34682
34712
34722
34761
34762
34767
34771
34818
34821
34833
34834
34839
34868
34895
34898
34914
34924
34927
34936
34942
34960
34997
35006
35039
35082
35091
35113
35140
35148
35153
35169
35170
35187
35197
35216
35222
35224
35297
35318
35336
35352
35362
35376
35405
35439
35477
35502
35529
35530
35598
35605
35606
35612
35630
35639
35654
35662
35669
35700
35702
35737
35747
35749
35759
35760
35769
35781
35852
35868
35899
35952
35957
35965
35999
36041
36128
36144
36170
36187
36212
36295
36316
36400
36408
36422
36435
36436
36439
36441
36489
36493
36500
36501
36505
36506
36510
36539
36546
36643
36650
36734
36755
36761
36773
36776
36790
36800
36856
36857
36860
36870
36879
36905
36921
36924
36936
36937
36938
36939
36940
36941
36942
36943
36944
36945
36946
36947
36948
36949
36950
36951
36952
36953
36954
36955
36956
36957
36958
36959
36960
36961
36962
36968
36969
36970
36971
37002
37004
37005
37048
37095
37157
37257
37349
37364
37365
37375
37385
37392
37415
37419
37426
37429
37430
37431
37432
37433
37434
37435
37436
37437
37438
37439
37440
37441
37442
37459
37476
37477
37478
37479
37480
37481
37482
37483
37527
37539
37554
37568
37588
37589
37624
37629
37681
37696
37712
37713
37715
37773
37796
37814
37820
37827
37828
37834
37842
37847
37853
37854
37856
37859
37861
37866
37876
37895
37940
37967
37970
37991
37992
38000
38005
38008
38019
38020
38027
38058
38062
38078
38079
38082
38086
38092
38093
38094
38109
38116
38127
38140
38141
38156
38162
38164
38167
38176
38177
38179
38181
38230
38251
38259
38260
38261
38270
38271
38289
38301
38335
38385
38386
38389
38410
38415
38422
38423
38425
38426
38430
38440
38450
38452
38458
38465
38473
38496
38499
38513
38544
38562
38569
38570
38571
38573
38575
38577
38580
38581
38583
38584
38590
38600
38622
38623
38638
38644
38649
38662
38667
38686
38695
38704
38711
38712
38716
38720
38721
38722
38723
38724
38729
38735
38839
38840
38846
38847
38848
38862
38863
38873
38878
38934
38964
38982
38983
38984
38992
38997
38998
39002
39003
39026
39065
39066
39075
39105
39106
39149
39183
39191
39193
39204
39251
39259
39274
39275
39276
39282
39295
39296
39302
39310
39313
39336
39343
39344
39346
39374
39381
39387
39389
39394
39395
39396
39397
39410
39471
39489
39490
39499
39500
39502
39503
39508
39513
39539
39549
39560
39561
39567
39595
39608
39609
39615
39637
39638
39644
39645
39663
39666
39673
39676
39701
39702
39717
39723
39728
39739
39749
39790
39807
39891
39898
39899
39900
39901
39907
39908
39911
39947
39948
39949
39976
40033
40046
40047
40081
40087
40097
40134
40135
40142
40153
40161
40162
40176
40187
40189
40286
40292
40315
40316
40319
40342
40361
40362
40369
40370
40371
40376
40377
40378
40379
40381
40386
40387
40393
40396
40401
40404
40415
40419
40432
40454
40455
40456
40459
40462
40466
40473
40477
40481
40485
40486
40489
40490
40491
40492
40504
40531
40533
40542
40551
40559
40560
40566
40567
40569
40570
40578
40583
40584
40589
40592
40593
40599
40600
40627
40630
40667
40676
40700
40701
40777
40788
40796
40808
40813
40850
40878
40906
40907
40908
40913
40922
40926
40939
40942
40946
40948
40957
40960
40966
40968
40969
40981
40984
40985
40992
40993
41000
41003
41011
41013
41021
41039
41040
41045
41072
41094
41098
41147
41149
41156
41157
41160
41168
41174
41181
41230
41258
41272
41279
41296
41306
41337
41359
41375
41399
41420
41421
41424
41437
41480
41482
41486
41490
41496
41504
41520
41526
41527
41529
41534
41535
41540
41541
41544
41551
41557
41558
41559
41564
41570
41571
41572
41576
41578
41591
41610
41657
41659
41695
41713
41714
41715
41731
41752
41775
41807
41829
41850
41860
41861
41867
41893
41920
41930
41931
41946
41947
41950
41953
41962
41968
41971
41995
42003
42023
42052
42058
42063
42066
42074
42075
42125
42156
42169
42203
42216
42244
42246
42263
42291
42294
42322
42332
42333
42357
42358
42416
42439
42461
42462
42466
42496
42501
42527
42529
42541
42542
42543
42573
42592
42636
42645
42665
42697
42705
42708
42713
42716
42717
42729
42737
42746
42755
42802
42843
42863
42864
42870
42884
42891
42899
42900
42908
42911
42918
42934
42936
42937
42941
42951
42952
42953
42960
42970
42987
42988
42989
43005
43006
43022
43040
43053
43056
43061
43087
43089
43090
43111
43135
43137
43144
43151
43168
43180
43194
43230
43257
43287
43289
43293
43337
43358
43389
43392
43393
43398
43434
43436
43437
43478
43481
43483
43506
43510
43511
43512
43531
43549
43552
43573
43593
43648
43651
43656
43668
43675
43680
43756
43782
43789
43795
43811
43812
43813
43815
43825
43827
43829
43837
43841
43842
43885
43896
43901
43902
43925
43929
43930
43932
43935
43937
43940
43941
43942
43952
43957
43967
44004
44037
44070
44075
44096
44100
44134
44135
44138
44140
44141
44143
44164
44177
44178
44180
44183
44184
44203
44238
44246
44268
44269
44312
44323
44332
44333
44339
44390
44400
44458
44489
44534
44557
44559
44560
44562
44566
44573
44588
44589
44602
44603
44605
44612
44623
44624
44644
44654
44681
44700
44718
44719
44720
44726
44730
44750
44757
44791
44800
44807
44808
44813
44814
44822
44824
44831
44847
44882
44901
44919
44958
44963
44964
44975
44984
44985
44987
44988
45000
45001
45005
45006
45036
45040
45067
45070
45071
45074
45077
45084
45091
45092
45093
45099
45100
45106
45107
45116
45124
45125
45128
45177
45182
45190
45202
45207
45212
45216
45230
45234
45236
45313
45318
45335
45346
45349
45398
45408
45470
45487
45501
45508
45544
45553
45554
45572
45577
45585
45640
45641
45677
45705
45732
45754
45756
45757
45780
45783
45784
45793
45802
45805
45822
45844
45854
45859
45868
45876
45881
45882
46008
46009
46019
46035
46058
46062
46068
46069
46072
46095
46108
46119
46169
46200
46202
46210
46250
46252
46254
46262
46263
46284
46297
46304
46315
46316
46363
46364
46367
46375
46379
46380
46381
46400
46433
46436
46457
46533
46571
46596
46620
46633
46690
46692
46699
46709
46723
46793
46794
46808
46821
46822
46837
46846
46852
46865
46866
46877
46894
46901
46916
46925
46939
46966
46968
47030
47039
47041
47043
47054
47057
47066
47067
47068
47098
47116
47149
47162
47176
47183
47198
47209
47210
47211
47212
47213
47214
47215
47216
47217
47218
47219
47220
47221
47223
47224
47225
47226
47227
47228
47229
47230
47231
47232
47233
47234
47235
47236
47237
47238
47239
47240
47241
47242
47243
47244
47245
47246
47247
47248
47249
47250
47251
47252
47253
47254
47255
47256
47257
47258
47268
47313
47319
47324
47325
47326
47327
47328
47329
47330
47331
47333
47334
47335
47336
47337
47338
47339
47340
47341
47342
47343
47344
47345
47346
47347
47348
47349
47350
47379
47386
47393
47423
47424
47425
47474
47484
47500
47526
47534
47535
47556
47584
47593
47613
47614
47631
47632
47633
47634
47635
47636
47637
47638
47639
47640
47641
47642
47643
47644
47645
47646
47647
47648
47649
47650
47651
47652
47653
47654
47655
47656
47657
47658
47659
47660
47661
47662
47663
47664
47665
47666
47667
47673
47703
47711
47716
47745
47754
47851
47862
47873
47898
47906
47916
47917
47923
47928
47937
47938
47939
47941
47948
47956
47976
47984
47989
48009
48019
48023
48026
48027
48040
48058
48068
48104
48111
48135
48137
48158
48170
48177
48184
48252
48278
48289
48294
48297
48306
48325
48346
48366
48392
48404
48446
48563
48615
48616
48626
48627
48628
48629
48630
48631
48632
48633
48634
48635
48714
48715
48723
48780
48781
48782
48787
48794
48801
48804
48806
48812
48884
48885
48902
48903
48914
48924
48934
48949
48950
48954
48959
48964
48965
48973
48982
48987
48990
49000
49021
49026
49040
49041
49136
49177
49214
49218
49224
49226
49237
49244
49269
49270
49272
49336
49358
49359
49362
49366
49367
49374
49377
49381
49389
49395
49407
49409
49416
49418
49423
49457
49464
49473
49493
49535
49536
49554
49566
49587
49588
49590
49593
49621
49625
49645
49660
49668
49682
49713
49716
49722
49738
49741
49746
49747
49748
49749
49756
49763
49770
49780
49833
49839
49851
49857
49866
49869
49883
49902
49903
49904
49910
49935
49940
50002
50003
50013
50030
50031
50034
50058
50077
50078
50081
50082
50083
50084
50117
50125
50136
50179
50180
50199
50213
50234
50259
50260
50295
50314
50322
50329
50337
50342
50344
50359
50364
50365
50366
50368
50377
50429
50454
50469
50493
50500
50508
50513
50522
50535
50545
50549
50551
50568
50621
50642
50643
50644
50645
50659
50663
50679
50693
50698
50699
50704
50706
50709
50713
50715
50758
50767
50769
50774
50781
50786
50790
50791
50793
50795
50799
50803
50805
50807
50808
50816
50831
50832
50847
50881
50889
50896
50939
50940
50991
51014
51015
51017
51018
51022
51026
51054
51082
51113
51136
51149
51152
51156
51164
51171
51187
51193
51194
51206
51212
51225
51231
51235
51237
51238
51239
51246
51249
51250
51255
51276
51294
51302
51313
51344
51347
51356
51376
51379
51409
51410
51419
51420
51426
51428
51431
51437
51444
51461
51516
51518
51524
51528
51541
51549
51553
51560
51561
51562
51572
51578
51580
51583
51584
51594
51612
51619
51657
51658
51669
51728
51743
51746
51791
51817
51825
51831
51832
51833
51845
51871
51873
51877
51892
51912
51924
51939
51945
51949
51952
51958
51970
51985
51986
51988
51990
52011
52033
52041
52045
52056
52079
52083
52084
52095
52099
52114
52137
52144
52148
52211
52213
52215
52218
52219
52222
52228
52237
52244
52269
52274
52277
52279
52280
52300
52335
52344
52345
52368
52376
52404
52407
52415
52430
52459
52468
52469
52470
52472
52477
52499
52500
52504
52505
52619
52635
52643
52645
52656
52661
52665
52666
52687
52704
52724
52728
52750
52751
52773
52778
52782
52784
52786
52789
52829
52843
52844
52846
52847
52850
52858
52871
52920
52922
52930
52931
52934
52941
52949
52950
52968
52971
52983
52984
52985
53036
53040
53056
53057
53058
53059
53068
53099
53106
53119
53138
53139
53164
53165
53171
53173
53187
53189
53190
53194
53198
53199
53205
53211
53221
53224
53226
53227
53228
53232
53280
53281
53283
53285
53288
53289
53290
53295
53300
53303
53308
53310
53311
53312
53313
53314
53315
53319
53332
53334
53363
53364
53406
53412
53425
53443
53445
53446
53448
53475
53507
53511
53518
53548
53560
53580
53598
53600
53609
53637
53638
53640
53658
53659
53660
53665
53668
53669
53676
53682
53684
53694
53709
53714
53715
53719
53723
53724
53725
53738
53739
53741
53743
53745
53777
53787
53790
53791
53792
53793
53799
53804
53807
53809
53812
53813
53819
53821
53822
53918
53919
53920
53922
53932
53934
53939
53940
53941
53944
53948
53953
53960
53969
53982
54018
54027
54029
54040
54082
54096
54099
54115
54161
54172
54187
54215
54244
54257
54263
54281
54352
54361
54433
54460
54461
54464
54513
54519
54546
54548
54573
54601
54633
54640
54641
54654
54692
54693
54695
54726
54822
54846
54847
54858
54890
54904
54921
54965
54971
54983
54985
54994
55020
55025
55032
55033
55034
55035
55036
55070
55071
55072
55073
55074
55075
55076
55077
55078
55080
55081
55082
55083
55084
55085
55086
55087
55088
55090
55091
55092
55116
55136
55175
55178
55188
55227
55286
55287
55306
55321
55322
55332
55340
55341
55350
55352
55355
55385
55393
55399
55404
55407
55415
55450
55538
55659
55671
55673
55678
55703
55734
55755
55765
55780
55782
55801
55843
55844
55866
55892
55907
55940
55963
55979
55980
55981
55982
55983
55984
55985
55986
55987
55988
56016
56040
56041
56042
56043
56044
56045
56046
56047
56048
56060
56071
56074
56089
56092
56103
56110
56111
56112
56113
56114
56115
56116
56117
56118
56119
56120
56121
56122
56123
56125
56126
56127
56128
56129
56130
56131
56132
56133
56134
56135
56136
56137
56138
56139
56140
56141
56142
56143
56144
56145
56146
56147
56148
56149
56150
56151
56152
56153
56154
56155
56156
56164
56167
56189
56190
56198
56221
56230
56268
56282
56283
56301
56330
56337
56351
56365
56389
56392
56403
56413
56418
56477
56487
56488
56489
56581
56586
56600
56620
56692
56699
56700
56704
56705
56710
56713
56722
56723
56734
56736
56743
56744
56756
56760
56767
56772
56775
56777
56792
56801
56845
56902
56925
56942
56953
57008
57021
57031
57068
57070
57074
57079
57080
57116
57117
57118
57126
57127
57128
57136
57146
57151
57184
57191
57204
57205
57207
57220
57249
57257
57258
57275
57276
57278
57362
57410
57416
57417
57418
57452
57458
57462
57466
57468
57474
57482
57507
57515
57518
57525
57580
57583
57585
57586
57588
57589
57590
57592
57596
57599
57600
57602
57607
57622
57634
57734
57741
57753
57755
57765
57780
57789
57846
57866
57872
57889
57893
57894
57896
57906
57908
57929
57936
57973
57974
57978
57986
57990
57993
57998
58001
58003
58006
58011
58023
58032
58049
58054
58055
58058
58062
58068
58069
58070
58074
58079
58081
58091
58108
58110
58124
58132
58141
58197
58199
58204
58232
58259
58277
58287
58321
58331
58339
58340
58361
58366
58387
58390
58391
58395
58398
58402
58411
58489
58497
58498
58507
58508
58509
58510
58511
58517
58526
58575
58607
58643
58676
58683
58684
58711
58775
58779
58787
58826
58835
58848
58863
58871
58882
58885
58926
58928
58931
58933
58937
58940
58947
58948
58949
58950
58961
58963
58968
58977
58981
58996
59016
59023
59028
59045
59048
59049
59110
59113
59114
59115
59118
59124
59125
59126
59130
59131
59142
59143
59155
59168
59251
59263
59265
59266
59267
59276
59286
59288
59297
59302
59303
59374
59380
59382
59384
59398
59400
59405
59410
59434
59436
59447
59481
59487
59496
59497
59550
59551
59552
59564
59566
59567
59575
59578
59586
59590
59615
59642
59684
59693
59697
59699
59705
59716
59734
59736
59737
59743
59744
59745
59746
59747
59763
59765
59766
59815
59816
59817
59850
59855
59860
59876
59914
59932
59936
59950
59956
59974
59977
59981
59982
59985
60004
60005
60007
60011
60017
60085
60097
60115
60122
60124
60133
60138
60139
60141
60165
60166
60217
60224
60235
60248
60289
60296
60297
60300
60306
60309
60320
60328
60341
60342
60343
60346
60347
60348
60398
60399
60400
60404
60405
60408
60410
60415
60417
60419
60420
60421
60422
60427
60428
60430
60431
60440
60443
60474
60493
60496
60505
60507
60511
60515
60521
60522
60526
60528
60533
60544
60554
60559
60560
60575
60580
60581
60583
60586
60587
60588
60592
60616
60622
60625
60638
60641
60645
60647
60650
60655
60656
60658
60661
60662
60663
60665
60668
60680
60681
60698
60705
60738
60739
60740
60766
60813
60817
60818
60820
60821
60822
60823
60824
60826
60828
60830
60832
60835
60845
60848
60869
60904
60931
60941
60969
60971
60973
60974
60979
60980
60982
60983
60984
60991
60994
60999
61002
61006
61008
61054
61063
61065
61090
61091
61147
61162
61168
61174
61180
61194
61210
61212
61221
61261
61262
61263
61316
61348