540
554
928
1545
1705
1787
2209
4365
4525
4601
4670
4671
4921
4946
5044
5045
5110
5420
5558
5572
5726
5879
5951
6094
6140
6195
6305
6533
7104
7112
7290
7309
7982
8056
8057
8596
8635
8689
9067
9219
9293
9359
9360
9441
9638
9639
9850
9965
10163
10629
10959
11019
11211
11232
11418
12035
12187
12204
12278
12393
12745
13107
13108
13109
14041
14217
15638
15717
16283
16583
16694
17538
17671
18429
19561
19590
20128
20268
20425
20479
20485
20879
20884
20903
21175
21177
21178
21179
21244
21365
21401
21402
21589
21813
21817
21917
21933
22033
22034
22045
22091
22726
22780
22821
23239
23269
23270
23271
23521
23535
23553
23580
24061
24207
24208
24209
24210
24252
24297
24605
25200
27295
27919
28494
28495
29248
29371
29524
29525
29650
29767
29880
29899
29909
29914
30088
30100
30101
30169
30170
30283
30324
30441
30527
30614
30629
30675
30819
31186
31235
31340
31384
31539
31633
31727
31789
31790
31847
32224
32245
32345
32572
32634
32707
32716
33023
33178
33199
33297
33520
33530
33628
33647
33648
33834
34064
34249
34623
35023
35368
36105
37691
37707
37786
37805
37806
38053
38060
38150
38250
38373
38463
39160
39198
39199
39200
39201
39425
39440
39473
39605
39606
40207
40218
40443
40444
40445
40470
40561
40572
40638
40924
43320
43321
43322
43523
43569
43988
44038
44039
44048
44102
44119
44197
44198
44382
44547
44592
44692
44693
44874
45059
45060
45061
45702
47302
47303
47501
48134
48174
49131
49284
49286
49287
49443
49990
50010
50423
51198
51199
51287
51934
52152
52715
53611
53671
56438
56447
56522
56524
56525
56526
56650
56663
56664
56739
56742
56818
56819
57071
57197
57262
57411
57451
57453
57520
57529
57615
57656
57709
57833
58703
58704
59494
59541
59847
59856
59857
59884
60041
60042
60272
60331
60686
60712
60975
61228
61243