241
242
246
337
505
506
507
579
606
652
718
728
729
730
754
788
853
856
1076
1134
1156
1326
1400
1499
1784
1799
1962
2184
2268
2300
2505
2643
2648
2649
2653
2800
3417
3418
3419
3719
3938
4219
4371
4499
4663
5086
5206
5244
5418
5578
5939
6021
6095
6168
6262
6431
6451
6613
6659
6665
6903
6990
7125
7159
7398
7463
7940
7961
7970
8315
8458
8614
8659
9179
9339
9350
9467
9473
9493
9599
9608
10025
10353
10793
11002
11053
11122
11495
11705
12028
12288
12483
13224
13235
13274
13287
13472
13519
14039
14282
14298
14544
14585
15153
15424
15624
15625
15799
15925
16078
16134
16158
16399
16602
16644
16715
17091
17158
17264
17295
17477
17573
17578
17582
17781
17883
18030
18191
18296
18877
18974
18998
19008
19009
19196
19198
19220
19336
19438
19470
19664
19665
19671
19970
19973
20105
20429
20598
20836
20953
21143
21161
21471
21502
21622
21624
21807
21992
22007
22031
22291
22485
22486
22708
22820
23405
23480
23557
23674
23675
23748
23893
23965
24220
24345
24459
24837
24850
24851
25283
25296
25324
25788
25802
25942
25943
26141
26143
26308
26348
26374
26375
26538
26549
26741
26775
26783
26925
26934
27165
27325
27335
27485
27488
27507
27637
28337
28652
28722
29148
29289
29679
29809
29853
29937
30205
30307
30336
30432
30471
30498
30920
31242
31511
31590
31806
31886
31907
32286
32372
32551
32767
32843
33014
33321
33322
33837
33838
33849
34046
34054
34196
34220
34283
34334
34535
34574
34575
34699
34905
34913
35199
35385
35391
35398
35435
35531
35593
35640
35641
35888
35986
36121
36906
37035
37582
37613
37617
37692
37875
38041
38081
38227
38429
38859
38986
39176
39278
39391
39600
39925
40565
40620
40807
40867
41148
41722
41750
41825
41853
42151
42152
42209
42236
42306
42336
42444
43104
43350
43661
43895
43999
44136
44208
44278
44319
44583
44777
44842
44891
45039
45218
45546
45573
45803
45834
45884
46044
46114
46572
46636
46637
46641
46937
47072
47126
47147
47222
47273
47332
47371
47891
48131
48173
48329
48330
48331
48437
48682
48686
48687
48825
48874
49052
49256
49276
49292
49365
49397
49444
49506
49723
49727
50057
50088
50124
50126
50138
50167
50175
50200
50201
50202
50203
50204
50205
50216
50267
50268
50564
50773
50787
50836
50968
51181
51195
51245
51462
51473
51641
51893
52035
52166
52441
52517
52559
52785
52960
52979
53117
53216
53268
53276
53358
53864
53879
53952
54093
54670
55027
55079
55089
55409
55478
56124
56210
56316
56433
56556
56831
57114
57419
57460
57501
57677
58195
58335
58343
58709
59000
59146
59158
59165
59254
59257
59258
59425
59641
59666
59864
59885
59899
59954
59990
60032
60047
60078
60089
60157
60352
60360
60605
60874
60875
60968
61118
61253
61342