65
619
643
1325
2224
2683
3416
4277
4322
4323
4408
4500
5048
5153
5283
5284
5585
5733
5878
6159
7115
7686
8263
8399
8576
8907
9216
9358
10051
11103
11442
11984
12310
13643
15500
15592
15593
17886
19750
20424
20908
20958
21307
21405
21670
22443
22683
22798
23305
23310
23322
23385
23386
23892
23909
24079
24080
24081
24298
27099
29772
29777
30436
30437
30630
30631
31003
32315
33196
34051
34791
35130
35400
35996
36392
38147
39359
40424
40806
40902
42130
43500
44016
44103
44309
44310
44545
44877
45703
48152
49285
49479
51201
51977
53193
56220
56440
56523
57492
57613
57674
57702
58210
59502
59573
60273
60274
60275
60913
60951
61128